20140324214823,1,0,1,0,1,0,0,0,0,0,0,0,1,0,0,0,1,0,1
20140324214824,1,0,1,0,1,0,0,0,0,0,0,0,1,0,0,0,1,0,1
20140324215202,1,1,0,0,0,0,1,0,1,0,0,0,1,0,0,1,1,1,1
20140324221328,1,0,1,0,1,0,0,0,1,0,0,0,1,0,1,1,0,0,0
20140324225810,1,0,1,0,1,0,0,0,1,0,0,0,1,0,0,0,1,0,1
20140324225811,1,0,1,0,1,0,0,0,1,0,0,0,1,0,0,1,1,0,1
20140324225812,1,0,1,0,1,0,0,0,1,0,0,0,1,0,0,1,1,0,1
20140324231131,1,1,0,0,0,0,0,0,1,0,1,0,1,0,1,1,1,0,0
20140325004023,1,1,0,0,1,0,0,0,1,0,0,0,1,0,1,1,0,0,0
20140325004024,1,1,0,0,0,0,1,0,1,0,0,0,1,0,1,1,0,0,0
20140325091159,1,1,0,0,0,0,1,0,0,0,0,1,0,0,0,0,1,0,1
20140325100458,1,1,0,0,0,0,1,0,0,0,0,0,1,0,0,0,0,0,1
20140325101627,1,0,1,0,1,0,0,0,1,0,0,0,1,0,0,0,0,0,1
20140325101628,1,0,1,0,1,0,0,0,1,0,0,0,1,0,0,0,0,0,1
20140325102312,1,0,1,0,1,0,0,0,0,0,0,1,0,0,1,0,1,0,0
20140325103901,1,0,1,0,0,0,0,0,0,1,0,0,1,0,0,0,0,0,1
20140325103902,1,0,1,0,0,0,0,0,0,1,0,0,1,0,0,0,0,0,1
20140325103921,1,0,1,0,1,0,0,0,1,0,0,0,1,0,0,0,0,0,1
20140325103922,1,0,1,0,1,0,0,0,1,0,0,0,1,0,0,0,0,0,1
20140325105641,1,1,0,0,0,0,1,0,1,0,0,0,1,0,1,1,1,0,0
20140325105720,1,1,0,0,0,0,1,0,1,0,0,0,1,0,1,1,1,0,0
20140325105721,1,1,0,0,0,0,1,0,1,0,0,0,1,0,1,1,1,0,0
20140325105918,1,1,0,0,0,0,1,0,1,0,0,0,1,0,1,1,1,0,0
20140325105919,1,1,0,0,0,0,1,0,1,0,0,0,1,0,1,1,1,0,0
20140325114452,1,1,0,0,0,0,1,0,1,0,0,1,0,0,0,1,1,0,1
20140325114453,1,1,0,0,0,0,1,0,1,0,0,1,0,0,0,1,1,0,1
20140325115103,1,1,0,0,0,0,1,0,1,0,0,0,1,0,0,1,1,1,1
20140325115104,1,1,0,0,0,0,1,0,1,0,0,0,1,0,0,1,1,1,1
20140325115105,1,1,0,0,0,0,1,0,1,0,0,0,1,0,0,1,0,1,1
20140325115107,1,1,0,0,0,0,1,0,1,0,0,0,1,0,0,0,1,1,1
20140325115414,1,1,0,0,0,0,1,0,1,0,0,1,0,0,1,0,1,0,0
20140325115455,1,1,0,0,0,0,1,0,1,0,0,0,1,0,0,0,1,0,1
20140325115458,1,1,0,0,0,0,1,0,1,0,0,0,1,0,0,1,1,0,1
20140325115459,1,1,0,0,0,0,1,0,1,0,0,0,1,0,0,1,1,0,1
20140325115500,1,1,0,0,0,0,1,0,1,0,0,0,1,0,0,1,1,0,1
20140325120740,1,1,0,0,0,0,1,0,0,0,0,0,1,0,0,1,1,1,1
20140325121007,1,1,0,0,0,0,1,0,0,0,0,0,1,0,0,1,1,0,1
20140325121139,1,1,0,0,0,0,1,0,1,0,0,0,1,0,0,0,1,0,1
20140325121543,1,0,1,0,1,0,0,0,1,0,0,0,1,0,0,1,0,0,1
20140325122324,1,1,0,0,0,0,1,0,0,0,0,0,1,0,0,0,1,0,1
20140325122325,1,1,0,0,0,0,0,0,0,0,0,0,1,0,0,0,1,0,1
20140325123306,1,1,0,0,0,0,1,0,1,0,0,0,1,0,0,1,1,0,1
20140325124758,1,1,0,0,0,0,1,0,1,0,0,1,0,0,0,0,1,0,1
20140325124759,1,1,0,0,0,0,1,0,1,0,0,0,1,0,0,0,1,0,1
20140325124923,1,1,0,0,0,0,1,0,0,0,0,1,0,0,0,0,1,0,1
20140325124924,1,1,0,0,0,0,1,0,0,0,0,1,0,0,0,1,1,0,1
20140325125027,1,1,0,0,0,0,1,0,0,0,0,1,0,0,0,1,1,0,1
20140325125029,1,1,0,0,0,0,1,0,0,0,0,1,0,0,0,0,0,0,1
20140325125346,1,0,1,0,1,0,0,0,1,0,0,0,1,0,0,0,1,0,1
20140325125349,1,0,1,0,1,0,0,0,0,0,0,0,1,0,1,0,1,0,0
20140325125838,1,1,0,0,0,0,1,0,0,0,0,1,0,0,0,0,1,0,1
20140325125839,1,1,0,0,0,0,1,0,0,0,0,1,0,0,0,0,1,0,1
20140325130032,1,1,0,0,0,0,1,0,0,0,0,1,0,0,0,0,1,0,1
20140325130033,1,1,0,0,0,0,1,0,0,0,0,1,0,0,0,1,1,0,1
20140325130324,1,0,1,0,1,0,0,0,1,0,0,0,1,0,0,0,0,0,1
20140325130326,1,1,0,0,0,0,1,0,0,0,0,1,0,0,0,1,0,1,1
20140325130513,1,1,0,0,0,0,1,0,0,0,0,1,0,0,0,1,0,0,1
20140325131455,1,1,0,0,0,0,1,0,1,0,0,0,1,0,0,0,1,0,1
20140325131734,1,1,0,0,0,0,1,0,1,0,0,0,1,0,0,0,1,0,1
20140325131735,1,1,0,0,0,0,1,0,1,0,0,0,1,0,0,0,1,0,1
20140325135018,1,1,0,0,0,0,1,0,0,0,0,1,0,0,1,1,1,0,0
20140325135019,1,1,0,0,0,0,1,0,0,0,0,1,0,0,1,1,1,0,0
20140325135020,1,1,0,0,0,0,1,0,0,0,0,1,0,0,1,1,1,0,0
20140325135021,1,1,0,0,0,0,1,0,0,0,0,1,0,0,0,1,1,0,1
20140325142454,1,1,0,0,0,0,1,0,1,0,0,0,1,0,0,0,1,0,1
20140325144352,1,0,1,0,1,0,0,0,1,0,0,0,1,0,1,1,1,1,0
20140325144355,1,0,1,0,1,0,0,0,1,0,0,0,1,0,1,1,1,1,0
20140325144400,1,0,1,0,1,0,0,0,1,0,0,0,1,0,1,1,1,1,0
20140325151157,1,0,1,0,0,0,0,1,0,0,0,0,0,1,1,1,0,1,0
20140325151158,1,0,1,0,0,0,0,1,0,0,0,0,0,1,1,1,0,1,0
20140325201629,1,0,1,0,1,0,0,0,1,0,0,0,1,0,0,1,1,0,1
20140325201635,1,0,1,0,1,0,0,0,1,0,0,0,1,0,0,1,1,0,1
20140325212712,1,0,1,0,1,0,0,0,1,0,0,0,1,0,0,0,1,0,1
20140325212715,1,0,1,0,1,0,0,0,1,0,0,0,1,0,0,0,1,0,1
20140325212716,1,0,1,0,1,0,0,0,1,0,0,0,1,0,0,0,1,0,1
20140325212717,1,0,1,0,1,0,0,0,1,0,0,0,1,0,0,0,1,0,1
20140325222247,1,0,1,0,1,0,0,0,0,0,0,1,0,0,0,0,1,0,1
20140325223511,1,0,1,0,1,0,0,0,0,0,0,1,0,0,0,0,1,0,1
20140325223512,1,0,1,0,1,0,0,0,0,0,0,1,0,0,0,0,1,0,1
20140325223513,1,0,1,0,1,0,0,0,0,0,0,1,0,0,0,0,1,0,1
20140325223515,1,0,1,0,1,0,0,0,0,0,0,1,0,0,0,0,1,0,1
20140325223610,1,0,1,0,1,0,0,0,0,0,0,1,0,0,0,0,1,0,1
20140325223611,1,0,1,0,1,0,0,0,0,0,0,1,0,0,0,0,1,0,1
20140325223612,1,0,1,0,1,0,0,0,0,0,0,1,0,0,0,0,1,0,1
20140325235420,1,0,1,0,0,0,0,0,0,1,0,1,0,0,0,1,0,1,1
20140326124654,1,1,0,0,0,0,1,0,0,0,0,0,1,0,0,1,1,0,1
20140326124658,1,1,0,0,0,0,1,0,0,0,0,0,1,0,0,1,1,0,1
20140326142239,1,0,1,0,1,0,0,0,1,0,0,0,1,0,0,1,1,1,1
20140326143744,1,0,1,0,1,0,0,0,0,0,0,1,0,0,0,1,1,0,1
20140326143746,1,0,1,0,1,0,0,0,0,0,0,1,0,0,0,1,1,0,1
20140326154319,1,0,1,0,1,0,0,0,1,0,0,0,1,0,0,1,1,0,1
20140326160345,1,1,0,0,0,0,1,0,1,0,0,0,1,0,0,0,1,0,1
20140326160347,1,1,0,0,0,0,1,0,1,0,0,0,1,0,0,0,1,0,1
20140326160348,1,1,0,0,0,0,1,0,1,0,0,0,1,0,0,0,1,0,1
20140326160349,1,1,0,0,0,0,1,0,1,0,0,0,1,0,0,0,1,0,1
20140326160351,1,1,0,0,0,0,1,0,1,0,0,0,1,0,0,0,1,0,1
20140326160352,1,1,0,0,0,0,1,0,1,0,0,0,1,0,0,0,1,0,1
20140326160354,1,1,0,0,0,0,1,0,1,0,0,0,1,0,0,0,1,0,1
20140326160645,1,0,1,0,1,0,0,0,1,0,0,0,1,0,0,0,1,0,1
20140326160646,1,0,1,0,1,0,0,0,1,0,0,0,1,0,0,0,1,0,1
20140326160647,1,0,1,0,1,0,0,0,1,0,0,0,1,0,0,0,1,0,1
20140326160648,1,0,1,0,1,0,0,0,1,0,0,0,1,0,0,0,1,0,1
20140326160649,1,0,1,0,1,0,0,0,1,0,0,0,1,0,0,0,1,0,1
20140326160701,1,0,1,0,0,0,0,0,1,1,0,0,1,0,0,0,1,0,1
20140326160707,1,0,1,0,0,0,0,0,1,1,0,0,1,0,0,0,1,0,1
20140326165009,1,0,1,0,1,0,0,0,1,0,0,0,1,0,0,0,1,0,1
20140326165330,1,1,0,0,0,0,1,0,0,0,0,1,0,0,0,0,1,0,1
20140326165331,1,1,0,0,0,0,1,0,0,0,0,1,0,0,0,0,1,0,1
20140326165344,1,1,0,0,0,0,1,0,0,0,0,1,0,0,0,0,1,0,1
20140326165345,1,1,0,0,0,0,1,0,0,0,0,1,0,0,0,0,1,0,1
20140326165347,1,1,0,0,0,0,1,0,0,0,0,1,0,0,0,0,1,0,1
20140326165348,1,1,0,0,0,0,1,0,0,0,0,1,0,0,0,0,1,0,1
20140326165349,1,1,0,0,0,0,1,0,0,0,0,1,0,0,0,0,1,0,1
20140326165350,1,1,0,0,0,0,0,0,0,0,0,1,0,0,0,0,1,0,1
20140326165351,1,1,0,0,0,0,1,0,0,0,0,1,0,0,0,0,1,0,1
20140326165352,1,1,0,0,0,0,1,0,0,0,0,1,0,0,0,0,1,0,1
20140326173332,1,0,1,0,1,0,0,0,0,0,0,1,0,0,0,1,1,1,1
20140326173333,1,0,1,0,1,0,0,0,0,0,0,1,0,0,0,1,1,1,1
20140326180121,1,0,0,1,0,0,0,0,1,0,1,1,0,0,1,0,1,0,0
20140326180122,1,0,0,1,0,0,0,0,0,0,1,1,0,0,1,0,1,0,0
20140326180123,1,0,0,1,0,0,0,0,0,0,1,1,0,0,0,0,1,0,1
20140326180126,1,0,0,1,0,0,0,0,0,0,1,1,0,0,1,0,1,0,0
20140326180128,1,0,0,1,0,0,0,0,0,0,1,1,0,0,1,0,1,0,0
20140326180129,1,0,0,1,0,0,0,0,0,0,1,1,0,0,1,0,1,0,0
20140326180130,1,0,0,1,0,0,0,0,0,0,1,1,0,0,1,0,1,0,0
20140326180221,1,0,1,0,0,0,0,0,0,1,0,0,1,0,0,0,0,0,1
20140326180222,1,0,1,0,0,0,0,0,0,1,0,0,1,0,0,0,0,0,1
20140326180223,1,0,1,0,0,0,0,0,0,1,0,1,0,0,0,0,0,0,1
20140326180229,1,0,1,0,0,0,0,0,0,1,0,0,1,0,0,0,0,0,1
20140326180230,1,0,1,0,0,0,0,0,0,1,0,0,1,0,0,0,0,0,1
20140326180320,1,0,1,0,0,0,0,0,1,1,0,0,1,0,0,0,0,0,1
20140326180326,1,0,1,0,0,0,0,0,1,1,0,0,1,0,0,0,0,0,1
20140326180327,1,0,1,0,0,0,0,0,1,1,0,0,1,0,0,0,0,0,1
20140326183501,1,0,1,0,0,0,0,0,0,1,0,0,1,0,0,0,1,0,1
20140326183502,1,0,1,0,0,0,0,0,0,1,0,0,1,0,0,0,1,0,1
20140326183504,1,0,1,0,0,0,0,0,0,1,0,0,1,0,0,0,1,0,1
20140326183509,1,0,1,0,0,0,0,0,0,1,0,0,1,0,0,0,1,0,1
20140326183519,1,0,1,0,1,0,0,0,0,0,0,1,0,0,0,0,1,0,1
20140326183520,1,0,1,0,1,0,0,0,0,0,0,1,0,0,0,1,1,0,1
20140326190853,1,0,1,0,1,0,0,0,1,0,0,0,1,0,0,0,1,1,1
20140326193008,1,0,1,0,0,0,0,0,0,1,0,1,0,0,1,1,1,0,0
20140326194220,1,1,0,0,0,0,1,0,1,0,0,0,1,0,0,1,1,1,1
20140326201759,1,0,1,0,1,0,0,0,1,0,0,0,1,0,0,0,1,0,1
20140326201803,1,0,1,0,1,0,0,0,1,0,0,0,1,0,0,1,1,0,1
20140326202334,1,1,0,0,0,0,1,0,0,0,0,1,0,0,1,0,1,0,0
20140326202721,1,1,0,0,0,0,1,0,0,0,0,0,1,0,0,0,1,0,1
20140326204255,1,1,0,0,0,0,1,0,0,0,0,0,1,0,0,1,1,0,1
20140326213129,1,1,0,0,0,0,1,0,0,0,0,0,1,0,0,0,1,0,1
20140326213130,1,1,0,0,0,0,1,0,0,0,0,0,1,0,0,0,1,0,1
20140326213131,1,1,0,0,0,0,1,0,0,0,0,0,1,0,0,0,1,0,1
20140326213132,1,1,0,0,0,0,0,0,0,0,0,0,1,0,0,0,1,0,1
20140326213232,1,0,1,0,0,0,0,0,0,1,0,1,0,0,0,0,0,0,1
20140326213237,1,0,1,0,0,0,0,0,0,1,0,1,0,0,0,0,1,0,1
20140326221919,1,0,1,0,0,0,1,0,0,0,0,0,1,0,1,1,1,0,0
20140326231251,1,1,0,0,0,0,1,0,1,0,0,0,1,0,0,0,1,0,1
20140326231302,1,1,0,0,0,0,1,0,1,0,0,0,1,0,0,0,1,0,1
20140326231303,1,1,0,0,0,0,1,0,1,0,0,0,1,0,0,0,1,0,1
20140326231311,1,1,0,0,0,0,1,0,1,0,0,0,1,0,0,0,1,0,1
20140326231326,1,1,0,0,0,0,1,0,0,0,0,1,0,0,0,0,1,0,1
20140326231327,1,1,0,0,0,0,1,0,1,0,0,1,0,0,0,0,1,0,1
20140326231332,1,1,0,0,0,0,1,0,1,0,0,1,0,0,0,0,1,0,1
20140326231403,1,1,0,0,0,0,1,0,0,0,0,1,0,0,0,0,1,0,1
20140326231407,1,1,0,0,0,0,1,0,0,0,0,1,0,0,0,0,1,0,1
20140326231412,1,1,0,0,0,0,1,0,0,0,0,1,0,0,0,0,1,0,1
20140326232135,1,1,0,0,0,0,1,0,1,0,0,0,1,0,0,0,1,0,1
20140327102052,1,0,1,0,1,0,0,0,0,0,0,1,0,0,0,1,1,0,1
20140327113400,1,0,1,0,1,0,0,0,0,0,0,0,1,0,0,1,1,0,1
20140327131647,1,1,0,0,0,0,1,0,0,0,0,1,0,0,1,0,1,0,0
20140327134942,1,1,0,0,0,0,1,0,1,0,0,0,1,0,1,1,1,1,0
20140327144349,1,0,1,0,1,0,0,0,1,0,0,0,1,0,0,1,1,0,1
20140327144746,1,1,0,0,0,0,1,0,0,0,0,1,0,0,0,1,1,1,1
20140327144747,1,1,0,0,0,0,1,0,0,0,0,1,0,0,0,1,1,1,1
20140327153043,1,1,0,0,0,0,1,0,0,0,0,1,0,0,0,0,1,0,1
20140327181850,1,0,1,0,1,0,0,0,0,0,0,1,0,0,0,0,1,0,1
20140327182021,1,0,1,0,1,0,0,0,0,0,0,0,1,0,0,1,1,0,1
20140327182705,1,1,0,0,0,0,1,0,0,0,0,1,0,0,1,1,0,0,0
20140327182706,1,1,0,0,0,0,1,0,0,0,0,1,0,0,1,1,0,0,0
20140327182707,1,1,0,0,0,0,0,0,0,0,0,1,0,0,1,1,0,0,0
20140327203257,1,1,0,0,0,0,1,0,1,0,0,0,1,0,0,0,1,0,1
20140327204652,1,0,1,0,1,0,0,0,0,0,0,0,1,0,0,1,1,1,1
20140327205926,1,0,1,0,1,0,0,0,1,0,0,0,1,0,0,1,1,0,1
20140327210351,1,0,1,0,1,0,0,0,1,0,0,0,1,0,0,1,1,0,1
20140327212256,1,1,0,0,0,0,1,0,0,0,0,0,1,0,0,0,1,0,1
20140327212707,1,1,0,0,0,0,1,0,1,0,0,0,1,0,0,1,1,0,1
20140327212710,1,1,0,0,0,0,1,0,1,0,0,0,1,0,0,1,1,0,1
20140327220824,1,1,0,0,0,0,1,0,0,0,0,1,0,0,0,0,1,1,1
20140327220828,1,1,0,0,0,0,1,0,0,0,0,1,0,0,0,0,1,1,1
20140327224839,1,1,0,0,0,0,1,0,1,0,0,0,1,0,0,1,1,0,1
20140327224842,1,1,0,0,0,0,1,0,1,0,0,0,1,0,0,1,1,0,1
20140328094914,1,0,1,0,1,0,0,0,0,0,0,1,0,0,0,0,1,1,1
20140328103951,1,1,0,0,0,0,1,0,1,0,0,0,1,0,0,0,1,0,1
20140328103952,1,1,0,0,0,0,1,0,1,0,0,0,1,0,0,0,1,0,1
20140328104300,1,1,0,0,0,0,1,0,1,0,0,0,1,0,0,1,1,0,1
20140328123939,1,1,0,0,0,0,1,0,0,0,0,1,0,0,0,1,1,0,1
20140328130342,1,1,0,0,0,0,1,0,0,0,0,1,0,0,0,0,1,0,1
20140328130343,1,1,0,0,0,0,1,0,0,0,0,1,0,0,0,0,0,0,1
20140328132925,1,1,0,0,0,0,1,0,0,0,0,1,0,0,0,1,0,0,1
20140328145255,1,1,0,0,0,0,1,0,1,0,0,0,1,0,0,1,1,1,1
20140328151147,1,0,1,0,1,0,0,0,1,0,0,0,1,0,0,0,1,0,1
20140328153852,1,1,0,0,0,0,1,0,1,0,0,0,1,0,0,1,1,1,1
20140328153939,1,1,0,0,0,0,1,0,1,0,0,0,1,0,0,0,1,0,1
20140328154040,1,1,0,0,0,0,1,0,0,0,0,1,0,0,0,0,1,0,1
20140329143700,1,0,1,0,1,0,0,0,0,0,0,1,0,0,0,1,1,1,1
20140329155258,1,1,0,0,0,0,1,0,0,0,0,1,0,0,0,0,1,0,1
20140329172405,1,0,1,0,1,0,0,0,0,0,0,1,0,0,0,1,0,1,1
20140329172406,1,0,1,0,1,0,0,0,0,0,0,1,0,0,0,1,0,1,1
20140329174732,1,0,1,0,1,0,0,0,0,0,0,1,0,0,0,1,0,0,1
20140329174735,1,0,1,0,1,0,0,0,0,0,0,1,0,0,0,1,0,0,1
20140329174736,1,0,1,0,1,0,0,0,0,0,0,1,0,0,0,1,0,0,1
20140329180327,1,1,0,0,0,0,1,0,0,0,0,1,0,0,0,1,1,0,1
20140329193637,1,0,1,0,1,0,0,0,0,0,0,1,0,0,0,1,0,0,1
20140329195646,1,0,1,0,1,0,0,0,0,0,0,1,0,0,0,1,1,0,1
20140329195649,1,0,1,0,1,0,0,0,0,0,0,1,0,0,0,1,1,0,1
20140330204803,1,1,0,0,0,0,1,0,1,0,0,1,0,0,0,0,1,0,1
20140330204812,1,1,0,0,0,0,1,0,1,0,0,1,0,0,0,1,1,0,1
20140330204825,1,1,0,0,0,0,1,0,1,0,0,1,0,0,0,0,1,0,1
20140331132215,1,0,1,0,1,0,0,0,1,0,0,0,1,0,0,1,0,1,1
20140331133054,1,1,0,0,0,0,1,0,1,0,0,1,0,0,1,0,1,0,0
20140331133058,1,1,0,0,0,0,1,0,1,0,0,1,0,0,1,0,1,1,0
20140331144214,1,1,0,0,0,0,1,0,1,0,0,0,1,0,0,0,1,0,1
20140331144215,1,1,0,0,0,0,1,0,1,0,0,0,1,0,0,0,1,0,1
20140331144224,1,1,0,0,0,0,1,0,0,0,0,0,1,0,0,1,1,0,1
20140331150416,1,1,0,0,0,0,1,0,0,0,0,1,0,0,0,1,0,0,1
20140331150426,1,0,1,0,1,0,0,0,1,0,0,0,1,0,0,1,1,0,1
20140331150939,1,1,0,0,0,0,1,0,1,0,0,0,1,0,1,1,0,0,0
20140331150940,1,1,0,0,0,0,1,0,1,0,0,0,1,0,1,1,0,0,0
20140331151059,1,0,1,0,1,0,0,0,0,0,0,0,1,0,0,0,1,0,1
20140331152301,1,0,1,0,1,0,0,0,0,0,0,1,0,0,0,0,1,0,1
20140331152302,1,0,1,0,1,0,0,0,0,0,0,1,0,0,0,0,1,0,1
20140331152853,1,0,1,0,1,0,0,0,1,0,0,0,1,0,0,1,1,0,1
20140331152854,1,0,1,0,1,0,0,0,1,0,0,0,1,0,0,1,1,0,1
20140331152923,1,1,0,0,0,0,1,0,0,0,0,1,0,0,0,1,0,0,1
20140331160502,1,0,1,0,1,0,0,0,1,0,0,1,0,0,0,0,0,0,1
20140331160503,1,0,1,0,1,0,0,0,1,0,0,1,0,0,0,0,0,0,1
20140331162910,1,1,0,0,0,0,1,0,0,0,0,0,1,0,0,0,1,0,1
20140331163057,1,1,0,0,0,0,1,0,1,0,0,0,1,0,0,1,0,0,1
20140331163100,1,1,0,0,0,0,1,0,1,0,0,0,1,0,0,0,1,1,0
20140331163245,1,0,1,0,1,0,0,0,0,0,0,0,1,0,0,1,1,0,1
20140331165635,1,0,1,0,1,0,0,0,1,0,0,0,1,0,0,1,0,0,1
20140331172446,1,1,0,0,0,0,1,0,1,0,0,0,1,0,0,1,1,1,1
20140331173425,1,0,1,0,1,0,0,0,1,0,0,0,1,0,0,0,1,0,1
20140331181135,1,1,0,0,0,0,1,0,0,0,0,1,0,0,1,1,0,0,0
20140331181706,1,1,0,0,0,0,1,0,0,0,0,0,1,0,0,0,1,0,1
20140331182031,1,1,0,0,0,0,1,0,0,0,0,1,0,0,1,0,1,0,0
20140331182159,1,1,0,0,0,0,1,0,0,0,0,1,0,0,1,1,0,0,0
20140331182806,1,1,0,0,0,0,1,0,0,0,0,1,0,0,1,0,1,0,0
20140331183540,1,0,0,1,0,0,1,0,0,0,0,0,1,0,0,1,1,1,1
20140331183651,1,0,1,0,1,0,0,0,0,0,0,1,0,0,0,1,1,0,1
20140331183655,1,0,1,0,1,0,0,0,0,0,0,1,0,0,0,1,0,1,1
20140331184938,1,0,1,0,1,0,0,0,1,0,0,0,1,0,0,0,1,0,1
20140331185628,1,0,1,0,1,0,0,0,1,0,0,0,1,0,0,1,1,0,1
20140331193532,1,1,0,0,0,0,1,0,1,0,0,0,1,0,0,1,1,1,1
20140331193831,1,0,1,0,1,0,0,0,0,0,0,1,0,0,0,0,1,0,1
20140331200609,1,1,0,0,0,0,1,0,1,0,0,1,0,0,0,0,1,0,1
20140331214720,1,1,0,0,0,0,1,0,1,0,0,0,1,0,0,0,1,0,1
20140331220315,1,0,1,0,1,0,0,0,1,0,0,0,1,0,0,1,0,0,1
20140401121536,1,0,0,1,0,0,0,0,1,1,0,0,1,0,0,0,1,0,1
20140401123244,1,0,1,0,1,0,0,0,1,0,0,0,1,0,0,1,1,0,1
20140401131635,1,1,0,0,0,0,1,0,0,0,0,1,0,0,0,1,1,0,1
20140401131649,1,1,0,0,0,0,1,0,0,0,0,1,0,0,0,1,1,0,1
20140401144223,1,1,0,0,0,0,1,0,1,0,0,0,1,0,1,0,1,0,0
20140401144225,1,1,0,0,0,0,1,0,1,0,0,0,1,0,1,0,1,0,0
20140401144226,1,1,0,0,0,0,1,0,1,0,0,0,1,0,1,0,1,0,0
20140401144229,1,1,0,0,0,0,1,0,1,0,0,0,1,0,1,0,1,0,0
20140401151757,1,1,0,0,0,0,1,0,1,0,0,0,1,0,0,0,1,0,1
20140401151758,1,1,0,0,0,0,1,0,1,0,0,0,1,0,0,0,1,0,1
20140401151803,1,1,0,0,0,0,1,0,1,0,0,0,1,0,0,0,1,0,1
20140401151848,1,1,0,0,0,0,1,0,1,0,0,0,1,0,1,0,1,0,0
20140401151850,1,1,0,0,0,0,1,0,1,0,0,0,1,0,1,0,1,0,0
20140401151854,1,1,0,0,0,0,1,0,1,0,0,0,1,0,1,0,1,0,0
20140401151917,1,1,0,0,0,0,1,0,1,0,0,0,1,0,0,0,1,0,1
20140401151918,1,1,0,0,0,0,1,0,1,0,0,0,1,0,0,0,1,0,1
20140401151920,1,1,0,0,0,0,1,0,1,0,0,0,1,0,0,0,1,0,1
20140401151922,1,1,0,0,0,0,1,0,1,0,0,0,1,0,0,0,1,0,1
20140401151947,1,1,0,0,0,0,1,0,0,0,0,1,0,0,0,0,1,0,1
20140401152056,1,1,0,0,0,0,1,0,0,0,0,1,0,0,0,0,1,0,1
20140401152057,1,1,0,0,0,0,1,0,0,0,0,1,0,0,0,0,1,0,1
20140401152059,1,1,0,0,0,0,1,0,0,0,0,1,0,0,0,0,1,0,1
20140401152100,1,1,0,0,0,0,1,0,0,0,0,1,0,0,0,0,1,0,1
20140401152101,1,1,0,0,0,0,1,0,0,0,0,1,0,0,0,0,1,0,1
20140401152103,1,1,0,0,0,0,1,0,0,0,0,1,0,0,0,0,1,0,1
20140401152105,1,1,0,0,0,0,1,0,0,0,0,1,0,0,0,0,1,0,1
20140401152751,1,0,1,0,0,0,0,0,0,1,0,0,1,0,0,1,1,0,1
20140401153014,1,0,1,0,1,0,0,0,0,0,0,1,0,0,0,1,1,0,1
20140402002331,1,1,0,0,0,0,1,0,0,0,0,0,1,0,0,1,1,0,1
20140402021658,1,1,0,0,0,0,1,0,0,0,0,0,1,0,0,0,1,0,1
20140402151945,1,1,0,0,0,0,1,0,0,0,0,0,1,0,0,0,1,0,1
20140402151946,1,1,0,0,0,0,1,0,0,0,0,0,1,0,0,0,1,0,1
20140402152250,1,1,0,0,0,0,1,0,0,0,0,0,1,0,0,0,1,0,1
20140402153757,1,1,0,0,0,0,1,0,1,0,0,0,1,0,0,0,0,0,1
20140402153934,1,1,0,0,0,0,1,0,0,0,0,0,1,0,0,0,1,0,1
20140402153943,1,1,0,0,0,0,1,0,0,0,0,0,1,0,0,0,1,0,1
20140402154242,1,1,0,0,0,0,1,0,0,0,0,0,1,0,0,1,1,0,1
20140402155147,1,1,0,0,0,0,0,0,0,0,1,0,1,0,1,0,0,0,0
20140402155148,1,1,0,0,0,0,0,0,0,0,1,0,1,0,1,0,0,0,0
20140402155219,1,1,0,0,0,0,0,0,0,0,1,0,1,0,1,0,0,0,0
20140402161354,1,1,0,0,0,0,1,0,1,0,0,0,1,0,0,0,1,0,1
20140402164924,1,1,0,0,0,0,1,0,1,0,0,0,1,0,0,1,0,1,1
20140402170129,1,0,1,0,1,0,0,0,0,0,0,0,1,0,0,1,1,0,1
20140402170141,1,0,1,0,1,0,0,0,0,0,0,0,1,0,0,1,1,0,1
20140402173642,1,1,0,0,0,0,1,0,1,0,0,0,1,0,0,1,1,0,1
20140402173643,1,1,0,0,0,0,1,0,1,0,0,0,1,0,0,1,1,0,1
20140402173647,1,1,0,0,0,0,1,0,1,0,0,0,1,0,0,1,1,0,1
20140402173652,1,1,0,0,0,0,1,0,1,0,0,0,1,0,0,1,1,0,1
20140402173656,1,1,0,0,0,0,1,0,1,0,0,0,1,0,0,1,1,0,1
20140402174413,1,0,1,0,1,0,0,0,0,0,0,0,1,0,0,0,1,0,1
20140402174414,1,0,0,0,1,0,0,0,0,0,0,0,1,0,0,0,1,0,1
20140402174415,1,0,1,0,1,0,0,0,0,0,0,0,1,0,0,0,1,0,1
20140402174416,1,0,1,0,1,0,0,0,0,0,0,0,1,0,0,0,1,0,1
20140402174418,1,0,1,0,1,0,0,0,0,0,0,0,1,0,0,0,1,0,1
20140402174430,1,0,1,0,1,0,0,0,0,0,0,0,1,0,0,0,1,0,1
20140402174431,1,0,1,0,1,0,0,0,0,0,0,0,1,0,0,0,1,0,1
20140402174447,1,0,1,0,1,0,0,0,0,0,0,0,1,0,0,0,1,0,1
20140402174448,1,0,1,0,1,0,0,0,0,0,0,0,1,0,0,0,1,0,1
20140402174450,1,0,1,0,1,0,0,0,0,0,0,0,1,0,0,0,1,0,1
20140402174452,1,0,1,0,1,0,0,0,0,0,0,0,1,0,0,0,1,0,1
20140402174648,1,0,1,0,1,0,0,0,0,0,0,0,1,0,0,0,1,0,1
20140402174656,1,0,1,0,1,0,0,0,0,0,0,0,1,0,0,0,1,0,1
20140402174719,1,0,1,0,1,0,0,0,0,0,0,0,1,0,0,0,1,0,1
20140402174744,1,0,1,0,1,0,0,0,0,0,0,0,1,0,0,0,1,0,1
20140402174754,1,0,1,0,1,0,0,0,0,0,0,0,1,0,0,0,1,0,1
20140402174757,1,0,1,0,1,0,0,0,0,0,0,0,1,0,0,0,1,0,1
20140402174816,1,0,1,0,1,0,0,0,0,0,0,0,1,0,0,0,1,0,1
20140402174819,1,0,1,0,1,0,0,0,0,0,0,0,1,0,0,0,1,0,1
20140402174855,1,0,1,0,1,0,0,0,0,0,0,0,1,0,0,0,1,0,1
20140402174902,1,0,1,0,1,0,0,0,0,0,0,0,1,0,0,0,1,0,1
20140402174934,1,0,1,0,1,0,0,0,0,0,0,0,1,0,0,0,1,0,1
20140402175139,1,0,1,0,1,0,0,0,0,0,0,0,1,0,0,0,1,0,1
20140402175144,1,0,1,0,1,0,0,0,0,0,0,0,1,0,0,0,1,0,1
20140402175145,1,0,1,0,1,0,0,0,0,0,0,0,1,0,0,0,1,0,1
20140402175149,1,0,1,0,1,0,0,0,0,0,0,0,1,0,0,0,1,0,1
20140402175207,1,1,0,0,0,0,1,0,1,0,0,0,1,0,0,0,1,0,1
20140402175225,1,1,0,0,0,0,1,0,1,0,0,0,1,0,0,0,1,0,1
20140402175226,1,1,0,0,0,0,1,0,1,0,0,0,1,0,0,0,1,0,1
20140402175230,1,1,0,0,0,0,1,0,1,0,0,0,1,0,0,0,1,0,1
20140402175249,1,1,0,0,0,0,1,0,1,0,0,0,1,0,0,0,1,0,1
20140402175250,1,1,0,0,0,0,1,0,1,0,0,0,1,0,0,0,1,0,1
20140402175320,1,0,1,0,1,0,0,0,0,0,0,0,1,0,0,0,1,0,1
20140402175322,1,0,1,0,1,0,0,0,0,0,0,0,1,0,0,0,1,0,1
20140402175324,1,0,1,0,1,0,0,0,0,0,0,0,1,0,0,0,1,0,1
20140402175344,1,1,0,0,0,0,1,0,1,0,0,0,1,0,0,0,1,0,1
20140402175345,1,1,0,0,0,0,1,0,1,0,0,0,1,0,0,0,1,0,1
20140402175346,1,1,0,0,0,0,1,0,1,0,0,0,1,0,0,0,1,0,1
20140402175352,1,1,0,0,0,0,1,0,1,0,0,0,1,0,0,0,1,0,1
20140402175354,1,1,0,0,0,0,1,0,1,0,0,0,1,0,0,0,1,0,1
20140402175400,1,1,0,0,0,0,1,0,1,0,0,0,1,0,0,0,1,0,1
20140402175406,1,1,0,0,0,0,1,0,1,0,0,0,1,0,0,0,1,0,1
20140402175407,1,1,0,0,0,0,1,0,1,0,0,0,1,0,0,0,1,0,1
20140402175409,1,1,0,0,0,0,1,0,1,0,0,0,1,0,0,0,1,0,1
20140402175431,1,0,1,0,1,0,0,0,0,0,0,0,1,0,0,0,1,0,1
20140402175433,1,0,1,0,1,0,0,0,0,0,0,0,1,0,0,0,1,0,1
20140402175522,1,1,0,0,0,0,1,0,1,0,0,0,1,0,0,1,1,0,1
20140402175523,1,1,0,0,0,0,1,0,1,0,0,0,1,0,0,1,1,0,1
20140402180107,1,0,1,0,1,0,0,0,0,0,0,0,1,0,0,0,1,0,1
20140402180116,1,0,1,0,1,0,0,0,0,0,0,0,1,0,0,0,1,0,1
20140402180137,1,0,1,0,1,0,0,0,0,0,0,0,1,0,0,0,1,0,1
20140402180157,1,0,1,0,1,0,0,0,1,0,0,0,1,0,0,0,1,0,1
20140402180206,1,0,1,0,1,0,0,0,1,0,0,0,1,0,0,0,1,0,1
20140402194250,1,1,0,0,0,0,1,0,1,0,0,0,1,0,0,0,1,0,1
20140402194256,1,1,0,0,0,0,1,0,1,0,0,0,1,0,0,0,1,0,1
20140402202227,1,1,0,0,0,0,1,0,0,0,0,0,1,0,0,0,1,0,1
20140402202233,1,1,0,0,0,0,1,0,0,0,0,0,1,0,0,0,1,0,1
20140402202553,1,1,0,0,0,0,1,0,0,0,0,0,1,0,0,0,1,0,1
20140402202554,1,1,0,0,0,0,1,0,0,0,0,0,1,0,0,1,1,0,1
20140402203448,1,1,0,0,0,0,1,0,1,0,0,0,1,0,0,1,1,0,1
20140403003117,1,1,0,0,0,0,1,0,0,0,0,0,1,0,0,1,1,0,1
20140403005053,1,1,0,0,0,0,1,0,1,0,0,0,1,0,0,1,0,0,1
20140403144432,1,0,1,0,1,0,0,0,1,0,0,0,1,0,0,1,1,0,1
20140403144653,1,1,0,0,0,0,0,0,1,0,1,0,1,0,0,0,1,0,1
20140403160806,1,0,1,0,1,0,0,0,0,0,0,0,1,0,0,0,1,0,1
20140403160809,1,0,1,0,1,0,0,0,0,0,0,0,1,0,0,0,1,0,1
20140403160810,1,0,1,0,1,0,0,0,0,0,0,0,1,0,0,0,1,0,1
20140403175133,1,1,0,0,0,0,1,0,1,0,0,0,1,0,0,1,1,0,1
20140403175741,1,1,0,0,0,0,1,0,0,0,0,0,1,0,0,0,1,0,1
20140403181351,1,1,0,0,0,0,1,0,0,0,0,1,0,0,0,1,1,0,1
20140403183522,1,1,0,0,0,0,1,0,0,0,0,0,1,0,0,0,0,0,1
20140403191004,1,1,0,0,0,0,1,0,1,0,0,0,1,0,0,0,0,1,1
20140403191353,1,1,0,0,0,0,1,0,0,0,0,0,1,0,0,1,1,0,1
20140403191957,1,0,1,0,1,0,0,0,1,0,0,0,1,0,0,0,0,0,1
20140403191958,1,0,1,0,1,0,0,0,1,0,0,0,1,0,0,0,0,0,1
20140403212919,1,1,0,0,0,0,1,0,0,0,0,1,0,0,0,0,1,0,1
20140403212923,1,1,0,0,0,0,1,0,0,0,0,1,0,0,0,0,1,0,1
20140404141301,1,1,0,0,0,0,1,0,0,0,0,1,0,0,0,1,1,0,1
20140404141917,1,1,0,0,0,0,1,0,0,0,0,0,1,0,0,0,1,0,1
20140404145046,1,1,0,0,0,0,1,0,0,0,0,0,1,0,0,0,1,0,1
20140404150628,1,1,0,0,0,0,1,0,0,0,0,0,1,0,0,0,1,0,1
20140404173503,1,0,1,0,1,0,0,0,1,0,0,0,1,0,0,0,0,1,1
20140406234035,1,0,1,0,1,0,0,0,1,0,0,0,1,0,0,0,1,0,1
20140406234036,1,0,1,0,1,0,0,0,1,0,0,0,1,0,0,0,1,0,1
20140407105144,1,0,1,0,0,0,0,0,0,1,0,0,1,0,0,0,1,1,1
20140407105700,1,0,1,0,0,0,0,0,0,1,0,0,1,0,0,0,1,1,1
20140407132324,1,0,0,1,0,0,0,0,1,0,1,0,1,0,0,0,1,1,1
20140407132339,1,1,0,0,0,0,1,0,1,0,0,0,1,0,0,0,1,0,1
20140407132340,1,1,0,0,0,0,1,0,1,0,0,0,1,0,0,0,1,0,1
20140407132350,1,1,0,0,0,0,1,0,0,0,0,0,1,0,0,0,1,0,1
20140407132608,1,1,0,0,0,0,1,0,0,0,0,0,1,0,0,0,1,0,1
20140407132747,1,1,0,0,0,0,1,0,1,0,0,0,1,0,0,0,1,0,1
20140407132915,1,1,0,0,0,0,1,0,1,0,0,0,1,0,0,1,1,0,1
20140407133615,1,0,1,0,1,0,0,0,1,0,0,0,1,0,0,0,1,1,1
20140407133616,1,0,1,0,1,0,0,0,1,0,0,0,1,0,0,1,1,1,1
20140407133619,1,0,1,0,1,0,0,0,1,0,0,0,1,0,0,1,1,1,1
20140407133621,1,0,1,0,1,0,0,0,1,0,0,0,1,0,0,1,1,1,1
20140407133622,1,0,1,0,1,0,0,0,1,0,0,0,1,0,0,1,1,1,1
20140407134035,1,0,1,0,1,0,0,0,1,0,0,0,1,0,0,1,1,1,1
20140407134306,1,0,1,0,1,0,0,0,1,0,0,0,1,0,0,1,0,0,1
20140407134550,1,1,0,0,0,0,1,0,1,0,0,0,1,0,0,0,0,1,1
20140407134602,1,1,0,0,0,0,1,0,1,0,0,0,1,0,0,0,1,0,1
20140407134604,1,1,0,0,0,0,1,0,1,0,0,0,1,0,0,0,1,0,1
20140407134612,1,0,1,0,0,0,0,0,0,1,0,0,1,0,0,0,1,0,1
20140407135559,1,1,0,0,0,0,1,0,0,0,0,1,0,0,0,0,1,0,1
20140407135638,1,0,1,0,1,0,0,0,1,0,0,0,1,0,0,1,0,0,1
20140407135639,1,0,1,0,1,0,0,0,1,0,0,0,1,0,0,1,0,0,1
20140407135820,1,0,1,0,0,0,0,0,1,1,0,0,1,0,0,0,1,0,1
20140407135821,1,0,1,0,0,0,0,0,0,1,0,0,1,0,0,0,1,0,1
20140407141312,1,1,0,0,0,0,1,0,0,0,0,1,0,0,0,1,1,1,1
20140407141314,1,1,0,0,0,0,1,0,0,0,0,1,0,0,0,0,1,1,0
20140407141315,1,1,0,0,0,0,1,0,0,0,0,1,0,0,0,0,1,1,1
20140407141323,1,1,0,0,0,0,1,0,0,0,0,1,0,0,0,1,1,1,1
20140407141608,1,1,0,0,0,0,1,0,1,0,0,0,1,0,0,0,1,0,1
20140407142055,1,0,1,0,1,0,0,0,1,0,0,0,1,0,0,1,0,0,1
20140407142056,1,0,1,0,1,0,0,0,1,0,0,0,1,0,0,1,0,0,1
20140407142315,1,1,0,0,0,0,1,0,0,0,0,1,0,0,0,1,1,0,1
20140407142317,1,1,0,0,0,0,1,0,0,0,0,1,0,0,0,1,1,0,1
20140407142602,1,1,0,0,0,0,1,0,0,0,0,1,0,0,1,1,0,0,0
20140407142603,1,1,0,0,0,0,1,0,0,0,0,1,0,0,1,1,0,0,0
20140407142610,1,1,0,0,0,0,1,0,0,0,0,1,0,0,1,1,0,0,0
20140407144605,1,1,0,0,0,0,0,0,1,0,0,0,1,0,0,1,1,1,1
20140407144606,1,1,0,0,0,0,1,0,1,0,0,0,1,0,0,1,1,1,1
20140407145459,1,0,1,0,1,0,0,0,1,0,0,0,1,0,0,0,1,1,1
20140407150246,1,1,0,0,0,0,1,0,0,0,0,0,1,0,0,0,1,0,1
20140407151221,1,0,1,0,0,0,0,0,1,0,0,0,1,0,0,0,1,0,1
20140407151223,1,0,1,0,1,0,0,0,1,0,0,0,1,0,0,0,1,0,1
20140407151224,1,0,1,0,1,0,0,0,1,0,0,0,1,0,0,0,1,0,1
20140407151225,1,0,1,0,1,0,0,0,1,0,0,0,1,0,0,0,1,0,1
20140407151226,1,0,1,0,1,0,0,0,1,0,0,0,1,0,0,0,1,0,1
20140407154425,1,1,0,0,0,0,1,0,0,0,0,0,1,0,0,0,1,0,1
20140407154426,1,1,0,0,0,0,1,0,0,0,0,0,1,0,0,0,1,0,1
20140407171607,1,1,0,0,0,0,1,0,1,0,0,0,1,0,0,1,1,1,1
20140407173404,1,1,0,0,0,0,1,0,0,0,0,0,1,0,0,1,1,1,1
20140407173405,1,1,0,0,0,0,1,0,0,0,0,0,1,0,0,1,1,1,0
20140407173406,1,1,0,0,0,0,1,0,0,0,0,0,1,0,0,1,1,1,1
20140407185530,1,1,0,0,0,0,1,0,1,0,0,0,1,0,0,1,1,0,1
20140407190222,1,1,0,0,0,0,1,0,1,0,0,0,1,0,0,0,1,0,1
20140407193203,1,1,0,0,0,0,1,0,0,0,0,1,0,0,0,1,1,0,1
20140407194600,1,0,1,0,1,0,0,0,1,0,0,0,1,0,0,1,0,0,1
20140407194601,1,0,1,0,1,0,0,0,1,0,0,0,1,0,0,1,0,0,1
20140407200158,1,1,0,0,0,0,1,0,0,0,0,1,0,0,0,0,1,0,1
20140407203256,1,1,0,0,0,0,1,0,1,0,0,0,1,0,1,1,0,0,0
20140407211837,1,0,1,0,1,0,0,0,1,0,0,0,1,0,0,0,0,0,1
20140407212414,1,1,0,0,0,0,1,0,1,0,0,0,1,0,0,0,1,0,1
20140407214804,1,0,1,0,1,0,0,0,1,0,0,0,1,0,0,1,1,1,1
